1.368
1.422
1.430
1.512
1.680
1.700
1.782
1.906
1.925
1.2185
1.2279
1.2380
1.2427
1.2435
1.2584
1.2917
1.2938
1.2993
1.3027
1.3398
1.3616
1.3622
1.3732
1.3790
1.3801
1.3998
1.4022
1.4048
1.4075
1.4113
1.4157
1.4186
1.4211
1.4232
3.4260
3.206
3.334
3.549
3.550
3.671
3.711
3.721
3.748
3.763
3.774
3.786
3.893
3.917
3.929
3.934
3.938
3.945
3.963
3.2055
3.2411
3.2585
3.2614
3.2646
3.2704
3.2705
3.2714
3.2935
3.2936
3.2937
3.3019
3.3041
3.3118
3.3133
3.3168
3.3239
3.3249
3.3258
3.3262
3.3271
3.3273
3.3322
3.3336
3.3352
3.3598
3.3611
3.3682
3.3718
3.3819
3.3837
3.3931
3.3948
3.3975
3.4001
3.4064
3.4155
3.4259
8.97
8.378
8.665
8.684
8.744
8.759
8.912
8.921
8.972
8.986
8.2006
8.2023
8.2025
8.2041
8.2265
8.2281
8.2298
8.2389
8.2390
8.2406
8.2423
8.2622
8.2677
8.2707
8.2713
8.2820
8.2884
8.2931
8.2946
8.2997
8.3028
8.3113
8.3183
8.3373
9.2224
9.2231
9.2251
9.2470
9.2471
9.2643
9.4002
9.3051
10.199
10.784
10.886
10.887
10.2029
10.2285
10.2379
10.2706
10.2830
10.3057
10.3077
10.3147
10.3211
10.3222
10.3297
10.3368
10.3585
10.3612
10.3645
10.3659
10.3717
10.3719
10.3834
10.3856
10.3865
10.3892
10.3905
10.3940
10.4032
10.4177
10.4210
10.4216
10.4249
11.391
11.542
11.543
11.544
11.765
11.779
11.2175
11.2193
11.2548
11.2651
11.3378
11.3624
11.3642
11.3709
11.3841
11.3866
11.3936
11.4055
11.4079
11.4082
12.4222
12.4229
12.127
12.710
12.712
12.805
12.936
12.971
12.975
12.995
12.2174
12.2206
12.2272
12.2300
12.2624
12.2698
12.2899
12.3045
12.3245
12.3310
12.3366
12.3522
12.3596
12.3651
12.3711
12.3772
12.3855
12.3890
12.3921
12.3960
12.3982
12.4025
12.4144
12.4176
12.4207
13.689
13.724
13.726
13.861
13.2191
13.2315
13.2404
13.2544
13.2801
13.2829
13.2891
13.2892
13.3319
13.3331
13.3338
13.3381
13.3434
13.3614
13.3734
13.3831
13.3903
13.3974
13.4140
13.4193
14.2786
14.559
14.733
14.810
14.896
14.900
14.918
14.2238
14.2551
14.2552
14.2587
14.2700
14.2856
14.2926
14.2932
14.2948
14.2995
14.3001
14.3111
14.3232
14.3233
14.3257
14.3266
14.3268
14.3275
14.3367
14.3478
14.3605
14.3705
14.3813
14.3869
14.4127
14.4163
14.4248
15.4171
15.675
15.2831
15.3146
15.3302
15.3362
15.3386
15.3471
15.3496
15.3843
15.3965
15.3996
15.4067
15.4136
15.3291
19.3956
19.4246
19.4263
20.2758
20.3815
20.4247
22.3095
22.3796
22.3878
24.392
25.821
25.2322
25.2338
25.3374
25.3510
26.2759
26.2772
26.3285
26.3446
26.4084
26.4262
26.4218
27.3129
27.3130
27.3473
27.3972
32.560
32.2803
33.3304
33.926
33.2218
33.2415
33.2732
33.2832
33.2908
33.3210
33.3276
33.3287
33.3305
33.3313
33.3325
33.3334
33.3350
33.3479
33.3669
33.3822
33.3894
33.4003
33.2731
33.2733
33.2741
33.2760
34.715
34.1021
34.2288
34.2715
34.3030
34.3825
34.4196
35.2075
35.2275
35.3004
35.3144
35.3550
35.3678
35.3730
35.3742
35.4159
36.192
36.2005
36.2065
36.2412
36.2424
36.2618
36.2756
36.2762
36.2950
36.3079
36.3364
36.3441
36.3492
36.3494
36.3650
36.3700
36.3918
36.3945
36.4195
36.4213
36.4231
36.2718
36.2721
36.3246
36.3985
36.4074
36.4183
37.3889
37.3919
38.4239
38.719
38.985
38.2317
38.2511
38.2644
38.3078
38.3332
38.3707
38.3708
38.4000
39.3668
39.3739
40.3380
40.3401
40.3917
41.576
41.738
41.2089
41.2201
41.2226
41.2628
41.573
41.3049
41.3050
42.3026
42.3713
44.456
44.2217
44.2290
44.2369
44.2414
44.4007
44.4251
45.2638
45.2898
45.2958
45.3205
46.263
46.2813
46.3321
46.3764
46.3845
47.752
47.2087
47.2401
47.2629
47.3190
47.3359
47.3647
47.4185
48.2775
48.3020
48.3137
48.3517
48.3623
48.3760
48.4033
49.256
49.2410
49.3435
49.3565
49.4191
50.3867
51.794
51.869
51.3731
52.2623
52.3658
52.3737
52.3944
52.4197
52.3755
52.3756
53.4020
53.3288
53.674
53.707
53.2708
53.2905
53.3012
53.3047
53.3212
53.3256
53.3259
53.3260
53.3281
53.3358
53.3476
53.3584
53.3592
53.3744
53.3745
53.3888
53.3926
53.3927
53.3929
53.4036
54.3728
54.3778
54.4153
56.2276
56.2676
56.3172
56.3516
56.4152
57.322
57.3402
57.3842
58.584
58.728
58.946
58.2284
58.2391
58.2518
58.3096
58.3394
58.3538
58.3694
58.3850
58.3887
58.3942
59.348
59.381
59.653
59.753
59.785
59.2021
59.2092
59.2439
59.2645
59.2859
59.2916
59.3193
59.3679
59.3912
60.755
60.2641
60.3109
60.4005
61.366
62.4200
62.452
62.666
62.757
62.890
62.899
62.919
62.2032
62.2274
62.2616
62.2866
62.3009
62.3018
62.3044
62.3198
62.3265
62.3342
62.3729
62.3771
62.4004
63.208
63.751
63.764
63.775
63.838
63.894
63.932
63.958
63.960
63.992
63.2054
63.2061
63.2070
63.2186
63.2194
63.2266
63.2479
63.2550
63.2656
63.2701
63.2890
63.2893
63.2918
63.2924
63.2981
63.2996
63.3110
63.3241
63.3255
63.3274
63.3353
63.3509
63.3531
63.3534
63.3641
63.3743
63.3914
63.3930
63.3943
63.4138
64.343
65.948
65.2283
65.3023
65.3250
65.3251
65.3261
65.3263
65.4257
66.599
67.357
67.795
67.858
67.2286
67.2421
67.2463
67.2843
67.3270
67.3369
67.3452
67.3770
67.4021
67.4129
67.4217
68.369
68.486
68.652
68.1018
68.2287
68.2347
68.2588
68.3021
68.3022
68.3070
68.3145
68.3219
68.3252
68.3253
68.3254
68.3348
68.3525
68.3932
68.4180
68.4203
69.3723
69.3773
69.3907
69.3908
69.4030
69.4201
69.4220
70.175
70.405
70.585
70.743
70.747
70.2345
70.2426
70.3196
70.3314
70.3396
70.3689
70.4029
70.4134
70.4135
70.4206
71.4235
71.387
71.546
71.682
71.722
71.766
71.808
71.868
71.1014
71.2037
71.2255
71.2330
71.2362
71.2364
71.2405
71.2553
71.2639
71.2640
71.2747
71.2773
71.2851
71.2854
71.2869
71.2919
71.3011
71.3138
71.3213
71.3365
71.3583
71.3670
71.3710
71.3806
71.3938
71.4024
71.4026
72.212
72.329
72.480
72.664
72.809
72.2053
72.2208
72.2413
72.2753
72.2844
72.2909
72.2942
72.3010
72.3206
72.3646
72.3976
72.4042
72.4189
73.2270
73.2679
73.2749
73.3098
73.3176
73.3617
73.3690
73.4091
74.3115
74.3123
75.3376
75.3474
75.4108
76.2316
76.2965
76.3120
76.3121
76.3811
76.4242
77.625
77.2121
77.2459
78.3489
78.4111
78.4112
78.4126
79.4208
80.3759
80.3797
80.3798
80.4124
80.4194
81.3088
81.3375
81.3482
81.4101
82.603
82.3495
82.3498
82.3499
82.3687
82.3902
82.3951
82.3952
82.4174
82.4230
82.4250
82.4255
82.4256
83.3515
84.2130
84.2652
84.2763
84.3005
84.3061
84.3084
84.3450
84.3512
84.3784
84.4085
84.4087
84.4088
84.4089
84.4234
86.855
86.4156
86.4169
87.290
87.3483
88.4233
89.2782
89.2802
91.2789
91.3812
91.4116
91.4122
91.4125
91.4150
92.2904
92.2930
92.3236
92.3897
92.3933
94.708
94.2333
94.3447
94.3852
94.4092
95.3579
95.4069
95.4114
95.4117
96.4165
98.714
98.717
98.718
98.2105
98.2280
98.2422
98.2474
98.2684
98.3740
98.4028
99.2291
100.3377
100.3741
101.4039
103.2173
103.2328
103.2507
110.913
111.2441
111.2442
111.2887
111.2889
111.2979
111.3003
111.3199
111.3200
111.3587
111.3588
111.3765
111.3906
112.952
112.955
112.3345
112.3356
113.4097
113.4119
115.2292
115.3404
117.2098
117.2100
117.2148
117.2282
117.2365
117.2371
117.2513
117.2666
117.3667
117.3750
118.2102
119.4209
120.3595
120.3993
120.4166
121.2271
121.2430
121.2508
122.3114
122.3787
122.4115
125.2249
126.2250
129.2872
129.3247
129.3527
130.2303
130.2609
130.3242
132.2425
132.2746
132.4236
133.2356
133.4078
134.2366
134.2367
134.2368
134.2443
134.2546
134.2547
134.2969
134.3674
134.4054
136.2377
137.2382
137.2383
137.2386
137.2590
137.3660
137.3769
137.3962
138.2398
138.2399
139.2419
140.2444
140.2448
140.2460
140.2461
140.2554
140.2657
140.2809
140.2928
140.2947
140.3519
140.3804
142.3007
143.4016
143.4017
144.2558
144.2559
144.3619
147.2783
152.2580
152.3544
152.3791
153.2602
155.4120
156.2612
156.3032
156.3184
157.2625
157.2626
157.2627
157.2703
157.2849
158.2654
159.2667
159.2668
159.2669
159.2670
159.2671
159.2672
159.2675
159.2858
159.3037
159.3606
159.3988
159.4143
164.3208
167.3564
167.3571
168.4049
169.2314
169.3063
169.3323
169.3594
169.4041
170.2873
170.3148
170.3573
171.2881
171.2882
172.2910
173.4110
174.2971
174.3748
175.2975
176.2977
177.2978
180.3046
181.2326
181.2807
181.3449
181.3807
181.3808
181.4100
181.4118
182.3237
182.3816
182.4146
183.3105
183.4123
184.3125
184.4170
186.3092
186.3102
186.3625
186.3768
188.3122
189.3218
189.3327
189.4008
191.3299
192.3337
193.3315
193.3316
193.3317
193.3318
193.3684
193.3986
196.3330
196.3875
198.3354
199.3409
200.3370
200.3536
200.3752
200.3973
200.4062
200.4063
203.4019
204.3437
205.3468
205.3485
205.3488
205.3966
207.3520
208.3630
208.3810
208.4018
208.4103
208.4104
208.4264
209.3543
211.3548
214.3580
214.3686
214.4095
214.4254
215.3560
215.3561
215.3590
217.3566
217.3567
217.3568
217.3949
219.3597
222.3621
222.3967
223.3626
225.3666
226.3675
227.3701
228.3725
228.3727
228.3746
229.3738
230.3747
231.4046
231.4047
232.3761
232.3762
233.3799
233.3953
234.3818
235.3820
236.3833
239.3860
240.3863
240.3915
240.4199
242.3879
243.3880
244.3900
244.3950
244.4188
247.3947
248.3995
249.4006
250.4010
251.4034
251.4044
252.4037
252.4052
253.4050
253.4051
254.4053
255.4058
255.4059
256.4056
257.4057
258.4060
261.4068
261.4148
264.4093
265.4121
266.4128
267.4226
268.4145
270.3681
271.4164
271.4173
272.4106
272.4109
273.4184
274.4187
275.4202
276.4258
277.4214
278.4219
279.4221
279.4224
279.4225
280.4238
282.4227
282.4228
283.4252
283.4253
284.4265
1.16
1.442
1.496
1.633
1.871
1.905
1.3964
1.4204
1.82
1.86
1.210
1.224
1.372
1.557
1.631
1.669
1.780
1.3416
1.3999
1.145
1.333
1.528
1.614
1.874
1.2922
1.3103
1.3197
1.3457
1.4045
3.45
3.46
3.109
3.111
3.371
3.375
3.526
3.770
3.882
3.2527
3.107
3.513
3.762
3.964
3.983
3.2107
3.2244
3.2354
3.2574
3.2607
3.3851
3.110
3.771
3.2237
3.3126
3.3462
8.117
8.364
8.659
8.2863
8.2871
8.3175
8.3347
8.3615
8.3693
8.102
8.704
8.713
8.2024
8.2302
8.2353
8.2523
8.2524
8.3518
8.3814
8.4192
9.342
9.2207
10.196
10.686
10.908
10.2184
10.2268
10.2765
10.3870
10.4098
11.601
11.2262
11.2767
11.3267
12.51
12.358
12.586
12.1007
12.2115
12.2764
12.2927
12.3073
12.3292
12.3415
12.3672
12.3959
12.4107
12.255
12.446
12.756
12.1017
12.2117
12.2256
12.2984
12.3164
12.3453
12.3613
13.877
13.987
13.2299
13.2619
13.3068
13.3234
13.3632
13.4167
13.2047
13.2472
14.78
14.81
14.880
14.2168
14.3085
14.3460
14.3876
14.4102
14.723
14.897
14.135
14.314
14.859
14.2565
14.3104
14.3582
14.3859
14.4179
15.65
15.66
15.2561
15.3941
15.153
15.159
15.161
15.202
15.270
15.271
15.317
15.373
15.587
15.2387
15.2388
15.2847
15.2963
15.2968
15.3053
15.3230
15.3726
15.2196
15.2726
15.2727
15.2728
15.2729
15.3189
15.3357
19.537
19.2062
19.2297
19.2743
19.2779
19.3857
19.3977
19.3978
19.4080
19.4240
20.532
20.555
20.835
20.2147
20.3065
20.3547
22.2294
22.2323
22.2770
22.2857
22.2998
22.2999
22.3289
22.3530
24.2485
24.2486
24.2487
24.3038
24.3840
25.132
25.409
25.447
25.474
25.608
25.801
25.841
25.989
25.2051
25.3465
25.3467
25.3556
25.3589
25.3788
25.4133
25.4139
26.837
26.2324
26.2914
26.2953
26.2980
26.2989
26.3157
26.3195
26.3300
26.3397
26.3405
26.3766
26.4099
26.4223
26.3648
26.3920
27.623
27.2852
27.3800
32.2839
32.2901
32.3166
32.3716
32.951
32.2510
32.2512
32.3279
33.18
33.692
33.812
33.2951
33.3170
33.146
33.148
33.370
33.412
33.471
33.472
33.511
33.538
33.593
33.650
33.740
33.2264
33.2730
33.2734
33.2736
33.2738
33.2739
33.2740
33.2841
33.2735
33.2737
33.2994
35.266
35.385
35.386
35.822
35.884
35.923
35.3891
36.52
36.56
36.59
36.60
36.237
36.267
36.365
36.398
36.450
36.469
36.2966
36.3278
36.3339
36.3683
36.3688
36.197
36.588
36.3248
36.3862
36.2084
36.2564
36.3823
36.2197
36.2717
36.2719
36.2720
36.2723
36.2842
36.2967
36.3264
36.3451
36.3704
36.3901
36.3665
37.390
38.164
38.166
38.834
38.875
38.982
38.2896
38.3554
38.3751
38.592
39.305
39.901
39.2685
39.3014
40.162
40.168
40.172
40.415
40.703
40.2073
40.2838
40.4175
41.602
41.2198
42.676
42.2682
42.3016
42.3720
42.4027
44.178
44.589
44.2903
44.3209
44.3312
44.4083
45.620
45.1004
46.121
46.504
46.521
46.777
46.3062
46.3872
46.4072
46.3048
47.49
47.311
47.462
47.2949
47.3207
47.3802
47.3989
48.2277
48.3277
49.69
49.754
49.802
49.850
49.3521
49.3871
50.272
50.681
50.891
51.95
51.758
51.793
51.2991
52.112
52.201
52.261
52.341
52.352
52.403
52.2063
52.3442
52.3758
52.3934
52.3238
53.75
53.2049
53.2534
53.3112
53.3216
53.362
53.529
53.872
53.2242
53.3185
53.3528
53.3858
53.500
53.508
53.892
53.2176
54.265
54.836
54.3015
54.3838
56.209
56.749
56.750
56.904
56.930
56.2241
56.3178
56.3179
56.3181
56.3182
57.289
57.551
57.903
57.2428
57.3060
58.22
58.655
58.2118
58.3066
58.3154
58.3968
58.672
58.1005
58.2418
58.2987
58.3294
60.524
60.806
60.888
60.2642
60.2748
60.3328
60.4096
61.2263
62.413
62.565
62.813
62.876
62.2137
62.2246
62.2319
62.2886
62.3286
62.3385
62.3664
62.3954
62.281
62.453
62.502
62.591
62.1010
62.1016
62.2681
62.3448
63.264
63.436
63.438
63.702
63.2578
63.64
63.425
63.448
63.522
63.564
63.634
63.656
63.2086
63.2381
63.3817
63.3957
63.53
63.2113
63.2466
63.2853
65.283
65.285
65.286
65.287
65.2417
65.2557
67.356
67.3269
67.382
67.519
67.2962
67.3013
67.3171
67.3290
68.458
68.483
68.668
68.873
68.3131
68.580
68.2332
68.2768
68.3008
68.4147
69.141
69.455
69.485
69.516
69.2214
69.3132
69.3372
69.3406
70.177
70.404
70.2190
70.2678
70.3861
70.3158
70.3411
70.3420
71.163
71.657
71.2313
71.2348
71.2583
71.3335
71.3923
71.4031
71.4105
71.678
72.98
72.639
72.792
72.2945
72.3429
72.3873
72.4043
72.473
72.2473
73.2992
73.3043
73.3097
73.3099
73.3100
73.3201
73.3535
73.3652
73.3553
73.3591
74.2519
74.3215
74.3881
74.4178
74.2658
74.3644
75.407
75.579
75.798
75.831
75.927
75.2085
75.2088
75.2091
75.2761
75.2806
75.2944
75.3059
75.3283
75.3430
75.3780
75.3781
75.4073
76.2045
76.2119
76.2429
76.2567
76.2778
76.2785
76.2788
76.3204
76.3217
76.3422
76.3924
77.2090
77.2120
77.2462
77.3101
78.569
78.706
78.961
78.2521
78.3034
78.3124
78.3150
78.3472
79.2478
79.3058
79.3640
79.3922
79.3980
79.4141
79.4142
80.596
80.2134
80.2312
80.2502
80.2503
80.2800
80.2957
80.3082
80.3220
80.3228
80.3229
80.3326
80.3631
80.3987
81.606
81.2530
81.2769
81.2776
81.3634
81.4086
82.2141
82.2560
82.3069
82.3349
82.3524
82.3574
82.3691
82.3782
82.4094
83.2537
83.2545
83.2810
83.4237
83.2601
83.2711
83.2712
83.2837
83.3136
83.3721
83.3722
83.3763
83.3955
83.2325
83.2659
83.2660
83.2665
83.3853
83.3868
83.3898
83.4076
84.616
84.828
84.2541
84.2543
84.2569
84.2581
84.2752
84.2956
84.3080
84.3351
84.3363
84.3395
84.3407
84.3408
84.3443
84.3444
84.3456
84.3490
84.3545
84.3546
84.3961
84.4090
86.470
86.823
86.824
86.844
86.2766
86.3075
86.3994
86.4205
86.2941
86.3006
86.3162
86.3163
86.3214
87.477
87.2133
87.2144
87.3803
87.3896
88.833
88.2883
88.3413
91.2771
91.3108
93.424
93.2828
93.3087
94.2230
94.2334
94.2336
94.2337
94.2480
94.3002
94.3425
94.3529
94.3575
94.3627
94.3779
94.3793
94.3899
94.4038
94.4070
95.466
95.632
95.2310
95.3000
95.3695
96.2535
96.2542
96.2579
96.3089
96.3440
96.3676
96.3735
96.3821
96.4035
97.2160
97.2211
97.2515
97.2516
97.2517
97.3455
97.3846
97.4162
99.725
100.2068
101.2476
101.2484
101.2493
101.2496
101.3017
101.3156
101.3384
101.3854
102.2538
102.2539
108.2488
108.2568
108.2571
108.2599
108.2774
108.2885
108.3134
108.3139
108.3140
108.3159
108.3272
108.3477
108.3480
109.911
110.101
110.878
110.879
110.2716
110.2781
110.3081
110.3979
110.2131
110.2465
110.2468
110.2469
110.2525
110.2526
110.3052
110.3459
110.3775
110.3776
110.3824
110.2603
111.2888
112.947
112.980
112.2355
113.790
113.1006
113.2556
113.3119
113.3341
113.3461
113.3463
113.3493
113.3786
114.2139
114.2451
114.2456
114.2506
114.2855
114.3570
114.3657
114.3946
117.2097
117.3895
119.2514
119.2860
120.155
120.2236
120.3343
120.3412
120.3677
120.3774
120.4077
122.2341
122.2867
122.2955
122.3226
122.3475
122.3618
122.3904
124.2248
129.2902
129.3382
129.3620
129.3733
129.3767
129.3809
129.4040
130.2295
130.2296
130.2988
130.3040
130.3293
130.3939
133.2357
133.2664
140.2446
140.2447
140.2575
140.2683
140.4261
141.2453
141.2455
141.2475
141.2894
141.2895
141.3633
141.3754
142.2452
142.2490
142.2491
142.2494
142.2495
142.2497
142.2499
142.2500
142.2501
142.2744
142.2865
142.3036
142.3502
142.3697
142.3698
142.3699
143.3712
143.2482
143.3191
143.3231
143.3428
143.3916
143.4009
143.4061
143.4154
144.2532
144.2533
145.2985
145.2986
145.3549
146.2563
149.2570
149.3244
150.2572
150.2673
150.3149
150.3235
150.3243
150.3636
150.3638
150.4131
151.2573
151.2576
151.3194
151.3320
151.3628
152.2974
152.3662
154.622
154.965
154.966
154.2126
154.2915
154.2960
154.3035
154.3221
155.2608
155.3064
155.4241
161.2805
162.2751
163.2505
163.2566
163.2600
163.2605
163.2954
163.3155
163.3514
163.3526
163.3685
163.3783
163.3893
163.3311
163.4181
163.4182
163.2923
163.3091
163.3227
163.4011
163.4012
163.4013
163.4132
164.2754
164.2755
164.2973
165.554
165.2540
165.2990
165.3128
165.3301
165.3414
165.3785
165.3789
165.3792
165.3970
167.2834
167.4198
167.3562
167.3576
167.3935
168.2835
168.2836
168.3151
168.3152
168.3153
168.3491
168.3736
169.898
169.2078
169.2952
169.3309
169.3324
169.3963
173.2787
173.2791
173.3417
173.3557
173.3673
173.3794
173.3795
173.3839
173.3928
174.2970
174.2972
175.2976
175.3885
175.3886
181.2027
181.2123
181.2124
181.2615
181.3074
181.3298
181.3454
181.3481
181.4168
185.3090
185.3702
185.3703
187.3637
187.3984
192.3306
192.3653
192.3882
192.3969
196.3504
196.3505
196.3506
196.3507
196.3508
197.3346
197.3877
197.3992
199.3360
199.3511
199.4172
202.3389
202.3390
202.3391
202.3392
202.3393
203.3284
203.3361
203.3426
203.3661
203.3714
203.3874
203.3997
203.4137
203.4158
205.3486
205.3487
206.3706
206.3827
208.3533
208.3537
208.3884
208.4015
210.3466
210.3639
210.3981
213.3432
214.3581
214.3586
214.3971
214.3983
215.3559
219.3835
219.3836
219.4160
219.4161
220.3607
221.2745
224.3655
224.3656
231.3913
238.3847
238.3848
238.3849
241.3864
245.3911
259.3828
259.3829
259.3925
259.4023
260.4065
260.4066
263.2228
263.3777
267.4130
269.4151
270.4149
276.4212
282.2577
282.3307
282.3990
282.3991
1.15
1.360
1.539
1.737
1.1019
1.2039
1.2106
1.2187
1.2825
1.144
1.149
1.207
1.826
3.170
3.931
3.2040
3.2213
3.2617
3.2823
3.3340
3.505
8.498
8.577
8.2183
8.2258
8.2817
8.3308
8.3696
9.227
9.222
9.380
9.734
9.735
9.977
9.1011
9.487
9.566
10.188
10.257
10.885
10.2052
10.2189
10.3135
11.89
11.90
11.91
11.465
11.916
11.2868
12.50
12.429
12.431
12.690
12.814
12.866
12.2649
12.131
12.252
12.457
12.510
12.594
12.807
12.976
12.2033
12.2077
12.2199
12.2257
13.99
13.437
13.688
13.184
13.185
13.186
13.277
13.640
13.924
13.949
13.2030
13.2038
13.2064
13.2204
13.2210
13.2216
14.449
14.694
14.231
14.233
14.667
14.746
14.935
14.956
14.1020
14.2042
14.2818
14.3692
14.2784
15.847
15.907
15.2167
15.2267
15.2438
15.2848
15.2897
15.3464
15.2725
15.2845
19.482
20.531
20.533
22.130
22.411
22.490
22.523
22.825
22.860
24.67
24.68
24.481
24.2536
25.133
25.138
25.421
25.609
25.611
25.799
25.818
25.820
25.827
25.840
25.842
25.843
25.2110
25.2111
25.2112
25.2149
25.2150
25.2151
25.2155
25.2156
25.2157
25.2158
25.2166
25.2192
25.2245
25.2321
25.2339
25.2340
25.2840
25.2964
25.3116
26.83
26.84
26.85
26.87
26.396
26.434
26.451
26.478
26.518
26.530
26.612
26.621
26.854
26.996
26.2178
26.2180
26.2331
26.3071
26.3072
26.3445
27.2127
27.2132
27.2169
27.2252
27.2327
27.2346
27.2790
27.2798
32.832
32.561
32.562
33.19
33.509
33.787
33.2403
33.3680
33.3909
33.3910
34.179
34.399
34.400
34.401
34.778
34.781
34.2076
34.2170
34.3883
35.582
35.729
35.2846
35.3329
35.3937
36.57
36.235
36.300
36.467
36.595
36.683
36.685
36.910
36.2233
36.2562
36.2034
36.914
36.2722
36.2724
36.2833
37.920
38.344
38.525
38.849
38.3067
38.3076
39.306
39.1012
39.1013
39.3569
40.393
40.3423
40.3572
41.574
41.575
41.883
41.957
41.2814
41.2816
41.3173
42.308
42.359
42.361
42.367
42.394
42.459
42.889
42.2177
42.2261
42.2591
42.2592
42.2593
42.2594
42.2595
42.2596
42.2597
42.2598
42.2874
42.2875
42.2876
42.2877
42.2878
42.2879
42.2880
43.38
43.379
43.857
43.895
44.258
44.328
44.991
44.2145
44.3094
45.2273
45.2436
45.2750
46.23
46.291
46.503
46.2026
46.2811
47.238
47.402
47.426
47.637
47.2036
47.2804
47.2939
47.3169
47.3355
47.3421
47.488
47.970
48.174
48.354
48.727
48.739
48.2215
48.2655
49.72
49.77
49.3174
49.3177
49.3418
49.3419
50.330
50.2221
50.2222
50.2223
50.2620
50.2621
51.103
51.870
51.4014
52.332
52.351
52.698
52.720
52.915
52.2307
52.2900
52.3203
52.697
53.432
53.94
53.2022
53.2225
53.2812
53.2983
54.3724
55.389
55.2349
56.2007
56.3042
56.3180
57.191
57.974
57.2709
58.295
58.304
58.578
58.658
58.2202
58.2647
58.2933
58.2934
58.4071
58.363
58.433
58.641
59.182
59.670
59.993
59.2071
59.2416
60.464
60.479
60.2710
62.142
62.284
62.298
62.454
62.275
62.2002
62.2048
62.2219
62.2260
62.2301
62.2420
62.2819
63.204
63.205
63.316
63.376
63.937
63.944
63.2195
63.2220
63.2235
63.2305
63.2549
63.2680
63.3469
63.3635
63.63
63.355
63.475
64.211
64.741
64.867
64.2067
64.2289
64.2630
64.2631
64.2632
64.2633
64.2634
64.2635
64.2636
64.2637
65.414
65.941
65.2586
65.3532
66.654
66.742
66.3025
67.2003
67.3458
67.3753
67.3832
67.772
68.24
68.25
68.128
68.325
68.651
68.760
68.848
68.933
68.2648
68.2815
68.377
69.139
69.817
69.2437
69.2699
69.2907
69.3029
69.3039
69.3608
69.3609
70.406
70.494
70.981
70.2234
70.463
70.693
71.397
71.420
71.439
71.761
71.943
71.973
72.230
72.232
72.293
72.388
72.476
72.440
72.745
72.922
72.950
72.2031
72.2072
72.2079
72.2209
72.3555
72.4081
73.122
73.383
73.416
73.581
73.605
73.783
73.2400
73.3202
74.627
74.628
74.2081
74.2143
74.2522
74.2613
74.2850
74.3127
75.417
75.489
75.540
75.940
75.997
76.484
76.520
76.590
76.619
76.705
76.1008
76.2046
77.6
77.491
77.492
77.493
77.535
77.536
77.552
77.624
77.979
77.2001
77.2122
77.2200
77.2304
77.2653
78.568
78.815
78.845
78.962
78.2520
79.76
80.443
80.597
80.3083
81.126
81.988
81.2477
82.2308
82.3500
82.3501
83.2402
84.567
84.572
84.617
84.618
84.660
84.816
85.194
85.460
85.461
85.507
85.570
85.856
85.862
86.47
86.527
86.696
86.998
86.2163
86.2164
86.2318
86.2342
86.2343
86.2481
86.3160
87.2108
88.468
88.501
88.571
88.635
89.583
89.691
89.928
89.2125
89.2344
90.13
90.345
90.506
91.427
91.428
91.556
91.830
91.978
91.2138
91.3424
92.545
92.701
92.902
92.2028
92.2650
94.558
94.663
94.2161
94.2171
96.661
97.673
97.2212
98.716
98.2069
99.959
100.730
100.731
100.732
101.517
101.2489
101.2492
102.613
102.839
102.909
103.662
103.791
103.797
103.804
103.853
103.2109
108.864
108.865
108.967
108.968
108.969
108.1015
108.2114
108.2306
110.104
110.106
110.444
110.2159
110.2795
110.2796
110.2797
110.2464
110.2870
111.939
111.2378
111.2440
111.2445
112.953
112.954
112.2822
112.3400
115.2082
116.2093
116.2094
116.2095
117.2096
118.2099
118.2101
118.2103
118.2104
118.2370
119.2674
121.2239
121.2240
121.2509
127.2254
129.2293
129.3024
130.2320
132.2350
132.2351
132.2352
135.2372
135.2373
136.2374
136.2375
136.2376
137.2384
137.2385
141.2454
142.2498
143.2943
144.2531
151.2582
154.852
154.2959
155.3192
156.2610
156.2611
159.3826
163.2504
163.2604
163.2606
165.2742
169.3054
173.3427
178.2982
181.395
190.3280
204.3436
204.3438
204.3439
206.3497
231.3757
237.3844
259.3086
259.3830
